50
3
1 2 3
2 3 5
3 5 6
2 3 4
1 2 3
9
2 6 7 10 11 14 15 18 20
9 12 16 18 22 25 26 27 29
6 7 11 14 16 19 20 22 23
4 8 11 13 14 16 17 20 23
10 11 14 19 22 23 27 31 32
10 15 19 22 23 28 30 31 34
14 18 20 25 27 31 33 35 37
16 21 23 30 32 34 35 37 40
7 10 14 17 19 22 23 25 26
1 4 6 7 10 11 12 14 15
7 10 13 17 18 22 25 28 30
12 17 20 25 27 30 31 33 36
15 20 23 26 29 34 36 39 40
1 2 4 7 9 10 12 14 16
4 6 8 10 12 15 17 19 21
14 19 22 28 31 33 34 35 39
11 14 16 22 25 28 30 33 34
4
9 11 13 16
3 5 6 8
8 10 12 16
3 6 8 9
5 7 9 11
6 9 11 13
8 9 11 12
8
8 12 14 16 19 25 28 31
4 6 8 12 16 19 22 23
3 4 5 8 10 13 14 17
5 8 12 15 18 21 22 24
19 22 24 31 35 36 40 45
12 14 18 19 22 25 31 35
14 22 25 28 31 35 37 40
16 17 21 25 26 29 35 39
3 4 6 8 12 16 17 19
17 20 22 28 29 32 37 43
4 6 7 10 14 17 20 22
17 23 29 33 35 39 43 45
6 7 12 14 18 21 25 29
13 19 21 24 25 29 32 36
8 10 15 16 19 24 28 33
5
11 16 19 22 27
9 14 18 21 24
7 10 13 17 20
13 17 20 24 27
2 6 7 11 13
4 7 11 13 17
11 13 17 21 22
2 4 7 9 11
7 11 13 18 19
2
4 8
6 8
2 4
10
16 33 39 58 81 102 119 123 132 146
127 145 183 202 223 243 267 272 315 339
81 99 110 122 140 162 180 182 188 223
32 48 59 79 99 127 133 134 151 168
39 59 60 83 86 96 115 149 165 183
122 133 165 166 188 226 238 259 292 317
75 113 115 136 180 203 216 225 250 256
49 73 86 125 140 154 171 202 218 228
102 127 129 131 154 171 203 210 226 243
132 151 180 187 218 233 250 270 292 315
123 134 177 183 202 210 225 234 259 272
146 168 196 203 228 246 256 283 317 339
16 32 42 43 49 74 75 99 122 127
33 48 53 59 73 93 113 125 133 145
43 59 83 104 122 131 165 183 187 203
119 133 158 165 171 188 216 226 238 267
58 79 91 104 125 126 136 153 166 202
74 93 96 126 162 171 188 210 233 246
99 125 149 153 182 210 226 234 270 283
4
9 10 11 12
13 14 15 16
5 6 7 8
1 5 9 13
3 7 11 15
2 6 10 14
1 2 3 4
2
6 8
2 6
4 8
2
2 9
5 9
1 2
7
3 4 5 6 7 8 9
1 2 3 4 5 6 7
4 5 6 7 8 9 10
2 3 4 5 6 7 8
2 3 4 5 6 7 8
3 4 5 6 7 8 9
6 7 8 9 10 11 12
5 6 7 8 9 10 11
6 7 8 9 10 11 12
7 8 9 10 11 12 13
1 2 3 4 5 6 7
7 8 9 10 11 12 13
5 6 7 8 9 10 11
10
9 17 24 30 35 39 42 44 45 63
46 49 50 52 55 56 58 61 63 64
2 10 11 12 13 14 15 16 17 49
7 15 22 28 33 37 40 41 42 59
8 16 23 29 34 38 41 43 44 61
6 14 21 27 32 36 37 38 39 56
5 13 20 26 31 32 33 34 35 54
4 12 19 25 26 27 28 29 30 52
47 48 51 53 54 57 59 60 62 64
4 12 19 25 26 27 28 29 30 53
8 16 23 29 34 38 41 43 44 60
9 17 24 30 35 39 42 44 45 62
1 2 3 4 5 6 7 8 9 46
3 11 18 19 20 21 22 23 24 50
1 2 3 4 5 6 7 8 9 47
6 14 21 27 32 36 37 38 39 57
3 11 18 19 20 21 22 23 24 51
5 13 20 26 31 32 33 34 35 55
2 10 11 12 13 14 15 16 17 48
6
21 24 27 30 31 35
7 10 11 13 18 20
10 12 13 16 21 24
10 11 13 19 24 27
17 21 24 28 29 32
4 6 10 11 15 18
18 20 24 28 32 35
11 13 16 20 28 30
15 18 21 25 29 31
6 10 12 17 21 24
14 17 19 20 25 28
2
4 5
4 5
2 4
3
2 4 6
6 8 10
5 8 10
4 6 8
4 6 8
2
2 22
22 222
22 222
10
15 17 19 21 22 25 26 28 31 32
3 5 6 7 9 10 11 13 15 16
5 7 8 9 10 12 13 15 16 17
8 11 13 17 19 20 23 24 25 26
9 11 12 15 17 19 20 23 24 26
7 10 11 13 14 16 19 21 22 23
6 9 10 11 13 15 17 18 19 21
5 7 9 11 13 15 16 18 19 21
14 16 17 21 23 26 28 30 31 32
12 13 15 18 20 22 24 25 27 30
12 15 16 19 22 24 26 27 29 31
2 3 5 6 7 9 11 12 13 15
10 13 15 18 21 23 24 25 27 28
11 12 14 16 19 21 23 24 26 28
3 5 7 9 10 11 12 13 14 17
4 6 8 10 11 12 14 15 17 19
13 14 17 19 21 23 25 27 29 31
7 10 12 15 16 19 21 22 23 25
2 3 4 5 6 7 8 10 12 14
10
10 12 13 18 19 25 27 29 31 33
5 7 9 11 12 15 17 19 20 23
5 7 9 10 12 15 16 18 20 24
7 10 12 16 18 22 23 25 27 32
13 17 22 23 27 29 30 33 37 40
6 9 11 14 17 19 22 23 26 29
9 11 14 16 18 21 24 25 28 29
2 5 6 7 10 12 13 16 18 21
2 5 8 9 11 12 13 16 18 21
16 18 24 25 27 32 33 34 37 39
12 15 19 22 25 27 29 32 34 37
12 15 18 21 22 27 29 30 33 35
11 12 17 18 19 22 25 27 29 31
18 20 25 28 29 34 37 40 43 44
13 16 21 24 25 29 30 33 35 37
8 9 11 12 13 18 21 24 25 28
21 24 28 29 31 37 40 43 45 46
16 19 23 25 29 30 33 34 40 43
21 23 29 32 33 35 37 39 44 46
4
2 4 6 8
8 10 11 13
3 6 7 10
4 6 8 10
4 8 10 11
6 7 10 11
2 3 4 6
7
70 87 99 102 145 162 166
41 46 70 89 109 116 131
57 72 79 97 131 150 165
16 45 46 72 87 112 120
62 88 116 150 162 182 184
69 113 131 165 166 187 190
32 57 89 97 102 135 164
2 27 41 57 70 76 96
96 120 159 164 183 184 190
27 45 48 57 77 88 113
2 16 21 32 57 62 69
21 48 70 79 99 134 159
57 77 109 131 145 147 183
4
10 28 45 57
28 48 65 90
45 49 69 101
28 90 101 105
26 65 69 73
10 16 26 28
16 48 49 63
7
12 13 15 17 21 23 26
12 14 21 23 26 29 30
6 10 15 16 17 20 23
9 11 14 16 19 20 23
15 19 20 23 26 28 30
3 5 8 9 12 13 15
13 16 19 20 22 25 29
5 9 12 14 15 19 20
7 11 18 19 21 22 26
5 7 9 10 11 12 14
3 4 5 6 7 9 12
4 7 10 11 13 16 19
9 12 19 20 23 25 28
3
6 9 11
4 6 9
4 6 9
7 9 11
2 4 6
7
1 2 3 8 12 14 15
14 20 22 31 36 37 41
17 24 29 33 34 41 43
15 21 25 34 37 38 43
12 17 21 26 30 33 34
6 10 11 15 21 22 25
2 6 10 14 17 20 24
8 14 15 21 26 29 33
15 20 25 29 33 37 38
10 14 16 21 26 31 34
3 9 11 16 22 25 29
2 6 9 14 17 20 21
1 2 6 10 14 15 17
3
2 3 4
3 4 5
3 4 5
1 2 3
1 2 3
3
1 2 3
3 4 5
2 3 4
1 2 3
2 3 4
7
4 6 8 10 11 13 14
6 8 11 14 16 18 19
2 4 5 6 7 8 9
9 14 18 19 21 23 24
3 6 7 8 10 12 14
6 10 12 14 15 16 18
5 7 9 12 14 16 18
7 10 12 15 18 19 21
9 14 15 18 21 22 24
8 13 16 18 19 21 22
2 3 5 6 7 8 9
8 12 14 16 19 21 23
5 8 9 11 12 14 15
2
1 2
1 2
2 4
10
81 82 83 84 85 86 87 88 89 90
21 22 23 24 25 26 27 28 29 30
7 17 27 37 47 57 67 77 87 97
31 32 33 34 35 36 37 38 39 40
4 14 24 34 44 54 64 74 84 94
9 19 29 39 49 59 69 79 89 99
91 92 93 94 95 96 97 98 99 100
5 15 25 35 45 55 65 75 85 95
6 16 26 36 46 56 66 76 86 96
71 72 73 74 75 76 77 78 79 80
8 18 28 38 48 58 68 78 88 98
1 2 3 4 5 6 7 8 9 10
3 13 23 33 43 53 63 73 83 93
41 42 43 44 45 46 47 48 49 50
10 20 30 40 50 60 70 80 90 100
2 12 22 32 42 52 62 72 82 92
11 12 13 14 15 16 17 18 19 20
51 52 53 54 55 56 57 58 59 60
61 62 63 64 65 66 67 68 69 70
2
2 4
2 6
4 8
3
3 7 11
4 8 15
5 11 19
7 8 11
11 15 19
10
5 9 10 11 15 16 19 20 21 22
3 5 6 9 11 13 15 17 18 20
11 17 18 19 21 22 26 29 30 33
7 11 12 14 16 18 21 23 24 26
12 15 17 19 21 23 24 26 28 29
1 3 4 5 7 8 10 11 12 13
12 18 19 20 23 24 28 31 33 35
14 17 18 20 23 25 27 29 31 33
3 5 7 9 11 13 15 17 18 20
13 20 21 23 25 26 29 33 35 37
7 9 10 11 14 16 18 19 20 23
8 13 14 16 18 20 23 25 27 29
1 3 5 7 8 10 12 14 15 17
5 6 9 10 12 14 16 18 19 21
10 15 16 18 19 21 24 27 28 31
10 13 15 16 18 20 21 22 24 26
4 7 9 10 13 15 17 18 20 21
8 11 13 15 16 18 19 21 23 25
17 20 21 22 26 29 31 33 35 37
3
7 9 16
11 14 21
5 7 11
12 16 21
5 7 12
4
1 3 4 5
5 7 10 12
5 7 9 10
3 4 6 7
6 9 11 12
3 4 7 9
1 3 5 6
2
6 8
2 4
2 6
4
3 4 5 6
1 2 3 4
3 4 5 6
2 3 4 5
4 5 6 7
2 3 4 5
1 2 3 4
4
1 2 3 8
7 9 11 13
1 2 3 7
2 4 5 10
8 10 12 13
3 5 6 12
3 5 6 11
7
3 10 17 24 31 38 45
8 9 10 11 12 13 14
29 30 31 32 33 34 35
7 14 21 28 35 42 49
6 13 20 27 34 41 48
1 8 15 22 29 36 43
4 11 18 25 32 39 46
1 2 3 4 5 6 7
5 12 19 26 33 40 47
36 37 38 39 40 41 42
43 44 45 46 47 48 49
15 16 17 18 19 20 21
2 9 16 23 30 37 44
9
13 17 18 21 22 23 27 30 32
16 20 21 22 24 26 30 32 33
7 10 11 13 16 21 22 24 28
5 7 10 11 13 14 18 20 22
1 3 4 7 9 10 12 15 16
3 5 7 10 14 17 20 21 22
11 14 15 16 19 22 24 26 28
15 17 20 24 26 30 32 36 37
3 5 6 10 12 13 16 17 20
8 10 12 13 14 17 21 24 26
16 20 22 26 28 32 33 39 41
19 22 26 28 30 31 34 37 41
10 13 14 17 22 23 26 28 31
1 3 5 8 11 13 16 17 19
17 21 23 24 26 28 33 36 39
12 16 18 21 24 27 30 33 34
9 12 13 14 19 22 24 26 30
2
22 222
2 22
2 22
4
5 9 12 15
5 9 10 12
2 5 9 10
9 12 14 15
11 12 15 22
8 10 14 18
2 5 8 11
9
17 21 26 28 31 35 39 41 42
15 19 23 26 27 34 37 39 41
1 3 5 8 11 13 16 19 20
1 2 5 7 9 11 12 15 17
2 5 6 10 14 17 20 21 23
19 21 25 26 27 32 34 39 41
11 14 16 18 20 28 29 32 34
11 14 15 17 18 20 24 27 31
16 20 23 25 26 29 32 37 39
5 7 9 13 15 19 23 25 27
12 17 20 22 24 31 32 34 35
20 23 27 28 31 34 35 41 42
8 10 13 14 17 18 22 26 28
3 5 7 9 11 14 17 19 21
13 17 19 22 25 28 31 34 35
7 9 10 14 17 22 25 26 28
5 6 9 10 14 16 20 23 26
7
10 13 16 17 18 20 21
3 5 7 8 10 11 13
7 10 13 14 15 17 18
1 3 4 5 7 9 10
4 7 9 11 13 14 16
7 11 13 15 17 18 20
1 3 4 5 6 7 8
5 8 10 12 14 15 17
4 7 9 10 12 13 15
3 5 7 8 9 11 13
6 9 12 14 15 17 18
9 11 14 15 17 18 19
8 13 15 17 18 19 21
8
4 11 13 14 17 18 22 23
2 5 7 9 12 13 14 15
5 8 11 13 15 16 17 19
14 20 22 26 28 31 34 35
2 3 4 7 9 11 12 14
9 12 14 19 21 23 26 27
15 22 23 28 30 33 37 40
7 13 16 19 21 23 26 28
12 14 17 21 23 24 27 30
14 19 26 27 30 32 35 40
3 8 9 12 14 17 20 22
12 17 24 26 27 28 34 37
13 17 18 23 26 27 28 32
7 9 13 16 19 21 24 26
9 15 19 21 23 26 28 30
10
4 5 6 7 8 9 10 11 12 13
2 3 4 5 6 7 8 9 10 11
7 8 9 10 11 12 13 14 15 16
9 10 11 12 13 14 15 16 17 18
6 7 8 9 10 11 12 13 14 15
4 5 6 7 8 9 10 11 12 13
1 2 3 4 5 6 7 8 9 10
8 9 10 11 12 13 14 15 16 17
6 7 8 9 10 11 12 13 14 15
8 9 10 11 12 13 14 15 16 17
9 10 11 12 13 14 15 16 17 18
3 4 5 6 7 8 9 10 11 12
5 6 7 8 9 10 11 12 13 14
2 3 4 5 6 7 8 9 10 11
3 4 5 6 7 8 9 10 11 12
1 2 3 4 5 6 7 8 9 10
7 8 9 10 11 12 13 14 15 16
5 6 7 8 9 10 11 12 13 14
10 11 12 13 14 15 16 17 18 19
3
5 9 13
7 13 17
6 9 10
3 6 7
3 5 7
4
3 10 14 15
8 11 15 18
5 9 10 11
2 9 10 11
6 10 14 16
1 5 6 8
7 11 16 18
7
5 10 14 17 19 20 30
6 11 15 18 20 21 32
5 10 14 17 19 20 31
2 7 8 9 10 11 25
4 9 13 16 17 18 28
4 9 13 16 17 18 29
1 2 3 4 5 6 23
3 8 12 13 14 15 26
22 24 27 28 31 33 34
2 7 8 9 10 11 24
3 8 12 13 14 15 27
1 2 3 4 5 6 22
6 11 15 18 20 21 33
9
3 5 7 9 11 13 15 16 19
7 9 11 13 17 20 23 24 27
16 19 22 27 28 29 32 36 37
2 3 5 7 8 9 10 13 14
2 3 4 7 8 11 13 15 16
4 8 9 11 12 14 16 17 22
3 5 8 10 12 13 14 18 19
14 19 22 24 27 28 34 35 37
13 14 18 23 24 27 28 31 34
11 13 17 20 23 25 26 27 28
13 16 17 19 24 27 31 34 36
5 7 9 12 14 17 18 19 22
10 15 16 18 23 26 28 30 32
15 18 19 24 27 28 30 34 35
8 11 12 14 18 23 24 27 28
9 13 14 17 20 25 27 28 29
8 12 14 17 18 20 23 24 27
3
3 4 5
1 2 3
3 4 5
2 3 4
2 3 4
