100
308.57430 3.60929 1637.42137
20.00000 2.00000 40.00000
497.67931 1.34993 1955.84640
315.50250 1.51964 1715.98364
272.5 2.58166 1.0
494.98397 1.18386 1907.70352
44.99 3.6 442.9
77.2631 3.07 960.0
490.77375 1.34788 1992.00816
15.0 1.8696 510.9
327.0869 3.40722 1309.62133
2.24063 3.81556 3.47517
259.3 1.0 1923.0
1.08462 3.70813 1999.13570
387.0 2.0 30.0
495.27966 1.11119 1923.04072
495.55509 3.76905 137.07467
496.57379 1.46897 1986.45624
465.20 1.93 1844.0
107.0 2.0 1695.0
1.09060 3.97077 1999.20100
397.00000 2.00000 410.00000
401.290 2.80 1463.461
378.0 2.0 698.0
494.91350 1.33950 1956.71664
402.80062 1.12710 128.67674
493.82653 1.47353 1987.07966
126.59281 2.68220 232.13073
491.07894 1.19307 1910.25187
496.59927 1.21944 1952.43656
493.94810 1.03495 1999.65155
493.50700 1.31774 1915.36866
492.52678 1.41419 1908.71949
492.08361 1.01503 1939.94612
484.92694 3.01976 1848.52067
498.42731 1.17086 1923.71429
13.1 1.0 906.9
491.53692 1.22402 1969.61818
115.91142 2.32890 329.85595
51.86429 2.96964 53.95361
270.00000 2.00000 299.00000
492.01115 1.01530 1975.18955
376.00000 1.00000 424.00000
267.0 2.0 1109.0
218.43804 3.76564 1620.05939
274.0 2.0 272.0
497.79301 1.14685 1990.55571
1.00000 1.14866 1390.9
1.02316 3.75564 1999.48705
139.0 3.26969 2000.0
471.96367 1.0 225.32
388.58210 3.79140 9.81419
497.50991 1.05648 1916.56731
385.0 2.0 142.0
493.64067 1.38513 1948.43754
186.3284 2.50649 130.36
497.22199 1.27850 1967.54666
222.58977 2.38370 1232.02110
178.43949 2.05544 1563.90751
1.05193 3.36552 1999.08605
84.57028 4.0 854.757
496.67613 1.27815 1906.07553
492.63347 1.12991 1983.08627
12.00000 2.00000 24.00000
493.00000 2.00000 986.00000
498.64732 1.47237 1932.40795
490.75704 1.25198 1933.81906
384.71 2.2510 1015.685
490.96219 1.06166 1968.54874
493.00872 1.11085 1904.52266
496.54099 1.10300 1961.65524
495.35690 1.46190 1979.01390
400.77336 1.33106 225.36113
492.60093 1.14524 1921.18191
251.00000 2.00000 502.00000
496.64616 1.45722 1946.82768
489.0 2.0 920.0
462.63912 2.72654 1972.13100
339.0 2.0 1006.0
35.81258 3.36182 1779.75741
498.08622 1.23663 1969.14573
484.11213 1.88018 61.96824
18.97425 3.24467 460.00145
380.00000 1.00000 406.00000
441.0 3.0 1039.0
403.0 3.0 1704.0
390.11175 1.49933 416.48165
427.89019 3.54362 1743.48403
159.0 2.0 1384.0
496.03098 1.36987 1911.08831
145.0 1.0 374.0
500.00000 3.4 492.74
159.783 3.0 1577.76861
266.94331 2.86422 541.79370
497.0 4.0 1485.0
43.8 1.0 156.0850
341.0 1.0 1408.97978
490.34269 1.37093 1946.19695
497.30290 1.14463 1988.85433
498.30237 1.44589 1961.16343
