50
10
0.12 0.28 0.58 0.15 0.31 0.52 0.94 0.54 0.67 0.04
0.63 0.03 0.49 0.43 0.85 0.27 0.37 0.87 0.96 0.64
10
0.71 0.86 0.54 0.80 0.60 0.57 0.91 0.74 0.97 0.89
0.43 0.31 0.17 0.46 0.20 0.11 0.34 0.26 0.51 0.23
7
0.67 0.59 0.37 0.52 0.78 0.07 0.93
0.11 0.26 0.33 0.15 0.30 0.56 0.48
3
0.06 0.71 0.26
0.69 0.31 0.51
10
0.75 0.55 0.79 0.94 0.86 0.81 0.83 0.58 0.99 0.52
0.03 0.36 0.29 0.34 0.24 0.14 0.06 0.30 0.21 0.02
4
0.05 0.70 0.50 0.35
0.45 0.20 0.95 0.40
10
0.03 0.89 0.77 0.79 0.65 0.14 0.99 0.92 0.84 0.47
0.43 0.46 0.55 0.70 0.57 0.37 0.45 0.71 0.58 0.16
2
0.87 0.09
0.65 0.26
10
0.67 0.88 0.81 0.93 0.60 0.62 0.90 0.66 0.55 0.59
0.26 0.48 0.31 0.40 0.21 0.36 0.17 0.12 0.47 0.34
10
0.03 0.10 0.06 0.39 0.19 0.16 0.35 0.13 0.26 0.29
0.87 0.58 0.97 0.71 0.48 0.94 0.42 0.74 0.52 0.65
1
0.1
0.6
8
0.19 0.43 0.03 0.14 0.30 0.41 0.46 0.16
0.49 0.76 0.57 0.54 0.59 0.86 0.81 0.78
10
0.60 0.90 0.71 0.69 0.72 0.94 0.84 0.80 0.67 0.57
0.48 0.56 0.24 0.45 0.15 0.07 0.51 0.25 0.36 0.20
6
0.98 0.08 0.14 0.71 0.78 0.43
0.12 0.92 0.27 0.84 0.41 0.49
9
0.74 0.84 0.17 0.80 0.39 0.60 0.05 0.83 0.48
0.27 0.50 0.67 0.93 0.52 0.66 0.16 0.95 0.61
10
0.64 0.77 0.10 0.57 0.93 0.99 0.81 0.86 0.01 0.40
0.66 0.18 0.83 0.97 0.07 0.32 0.82 0.60 0.72 0.85
1
0.1
0.6
10
0.46 0.56 0.11 0.76 0.60 0.72 0.59 0.86 0.03 0.30
0.49 0.68 0.57 0.42 0.66 0.26 0.53 0.38 0.91 0.02
10
0.10 0.90 0.06 0.84 0.42 0.35 0.87 0.58 0.29 0.23
0.77 0.19 0.39 0.52 0.16 0.48 0.32 0.81 0.26 0.71
10
0.76 0.68 0.72 0.60 0.80 0.92 0.84 0.64 0.56 0.96
0.44 0.48 0.04 0.20 0.40 0.36 0.16 0.52 0.12 0.24
10
0.27 0.23 0.12 0.92 0.33 0.58 0.46 0.94 0.56 0.73
0.85 0.02 0.77 0.40 0.15 0.96 0.90 0.44 0.31 0.98
10
0.06 0.77 0.46 0.97 0.93 0.24 0.26 0.80 0.84 0.03
0.63 0.07 0.29 0.94 0.60 0.56 0.74 0.81 0.39 0.27
2
0.95 0.48
0.33 0.43
7
0.29 0.48 0.95 0.92 0.18 0.74 0.79
0.35 0.24 0.84 0.85 0.32 0.37 0.90
5
0.55 0.09 0.18 0.45 0.07
0.91 0.75 0.61 0.84 0.98
10
0.950 0.546 0.891 0.765 0.303 0.908 0.252 0.555 0.941 0.336
0.328 0.681 0.731 0.218 0.739 0.513 0.639 0.059 0.412 0.118
1
0.4
0.2
7
0.82 0.95 0.59 0.84 0.63 0.87 0.70
0.42 0.27 0.30 0.32 0.56 0.25 0.18
10
0.51 0.08 0.57 0.74 0.62 0.21 0.03 0.07 0.15 0.59
0.44 0.85 0.11 0.72 0.54 0.92 0.16 0.18 0.75 0.80
7
0.29 0.96 0.46 0.18 0.39 0.61 0.79
0.14 0.89 0.07 0.54 0.68 0.32 0.11
10
0.11 0.90 0.16 0.22 0.63 0.82 0.92 0.89 0.65 0.40
0.48 0.07 0.87 0.51 0.09 0.49 0.19 0.76 0.04 0.84
10
0.93 0.95 0.78 0.57 0.46 0.83 0.37 0.43 0.63 0.62
0.11 0.14 0.04 0.28 0.33 0.22 0.18 0.12 0.21 0.07
10
0.42 0.68 0.58 0.48 0.32 0.52 0.23 0.03 0.35 0.90
0.97 0.19 0.13 0.74 0.71 0.45 0.94 0.10 0.26 0.65
10
0.16 0.57 0.41 0.37 0.08 0.27 0.38 0.40 0.48 0.17
0.73 0.84 0.97 0.78 0.86 0.60 0.63 0.92 0.65 0.87
10
0.56 0.36 0.84 0.31 0.80 0.33 0.45 0.37 0.48 0.89
0.23 0.93 0.92 0.53 0.55 0.88 0.16 0.75 0.65 0.79
10
0.67 0.69 0.40 0.11 0.85 0.05 0.15 0.53 0.56 0.35
0.20 0.96 0.16 0.58 0.31 0.07 0.38 0.87 0.44 0.55
10
0.33 0.47 0.27 0.90 0.93 0.40 0.43 0.53 0.30 0.03
0.60 0.07 0.67 0.87 0.13 0.97 0.73 0.17 0.77 0.50
2
0.04 0.29
0.71 0.33
10
0.76 0.73 0.19 0.84 0.16 0.07 0.41 0.11 0.31 0.12
0.57 0.91 0.77 0.64 0.87 0.08 0.96 0.04 0.09 0.40
10
0.32 0.18 0.13 0.03 0.21 0.61 0.66 0.92 0.26 0.85
0.40 0.98 0.68 0.45 0.69 0.79 0.55 0.73 0.34 0.81
10
0.29 0.11 0.43 0.04 0.39 0.18 0.50 0.21 0.46 0.14
0.86 0.79 0.68 0.89 0.96 0.54 0.71 0.57 0.61 0.75
10
0.12 0.56 0.99 0.65 0.48 0.22 0.40 0.85 0.15 0.83
0.68 0.64 0.63 0.69 0.44 0.07 0.95 0.11 0.90 0.43
10
0.59 0.46 0.70 0.76 0.38 0.92 0.65 0.41 0.19 0.84
0.53 0.12 0.69 0.08 0.51 0.24 0.23 0.64 0.79 0.20
4
0.07 0.27 0.18 0.71
0.33 0.76 0.29 0.42
8
0.11 0.09 0.26 0.62 0.08 0.01 0.40 0.53
0.78 0.90 0.80 0.98 0.63 0.99 0.67 0.89
6
0.97 0.15 0.49 0.18 0.51 0.82
0.05 0.28 0.87 0.13 0.08 0.56
10
0.22 0.20 0.31 0.35 0.54 0.56 0.10 0.44 0.05 0.65
0.93 0.99 0.96 0.11 0.83 0.63 0.12 0.52 0.37 0.59
8
0.44 0.48 0.30 0.41 0.01 0.42 0.27 0.59
0.75 0.61 0.92 0.83 0.97 0.85 0.69 0.96
10
0.37 0.85 0.47 0.83 0.69 0.97 0.80 0.46 0.39 0.41
0.15 0.22 0.03 0.25 0.14 0.24 0.02 0.19 0.29 0.07
6
0.45 0.95 0.30 0.23 0.05 0.34
0.29 0.52 0.54 0.57 0.32 0.55
