100
4 2
5 2
6 2
1000 1000
1000 1
999 1
1000 255
267 256
500 499
999 488
999 127
394 371
500 244
1000 488
947 874
1000 999
620 507
607 510
999 451
840 768
500 128
696 542
2 2
1000 127
255 218
1000 512
500 250
500 116
484 449
294 280
500 73
2 1
999 511
1000 376
999 999
277 258
500 255
551 488
500 253
500 2
3 2
500 500
500 117
1000 500
736 701
500 249
999 2
999 256
4 1
400 355
870 843
500 1
811 667
999 499
794 749
999 487
1000 498
999 502
1000 2
733 671
5 1
793 753
433 357
1000 505
942 838
961 790
743 672
500 248
1000 511
713 536
500 127
1000 499
728 621
583 534
500 245
1000 128
808 725
325 285
999 998
555 475
999 255
886 664
1000 489
783 752
999 512
465 437
999 128
503 382
1000 256
999 497
332 308
500 221
667 535
686 597
3 1
999 498
1 1
284 245
500 256
520 438
