100
4 2
5 2
6 2
1000 1000
1000 1
571 503
646 543
847 776
499 375
999 256
999 306
3 1
999 512
951 916
1000 255
507 407
786 674
886 855
500 98
1000 488
901 862
500 2
767 650
500 255
500 133
999 128
999 127
460 378
999 1
476 428
999 255
729 643
500 250
999 998
1000 512
999 487
500 245
587 577
500 253
1000 511
651 640
406 370
427 422
874 682
1000 2
849 769
704 569
1000 128
1000 489
1000 278
482 371
999 499
1000 999
1000 499
836 650
1000 256
999 488
999 511
500 244
555 464
500 256
500 500
302 264
2 2
736 638
500 128
462 424
5 1
316 315
4 1
2 1
1000 509
1000 127
957 872
829 717
3 2
500 248
500 249
500 116
999 504
999 497
385 297
500 1
500 499
573 481
500 127
618 576
683 590
850 814
1000 498
999 498
601 519
703 569
1 1
500 117
1000 500
999 2
477 368
999 999
501 471
