100
4 2
5 2
6 2
1000 1000
1000 1
1000000 1000000
628261 620303
999999 499998
974606 802767
999999 262144
409051 400786
743965 581067
613145 521362
866526 667412
911171 799684
1000000 499998
1000000 262143
999999 262143
999999 999999
500000 131072
514960 418704
999999 524287
500000 249999
500000 160193
999999 499997
500000 237856
998722 886520
308796 237097
1000000 2
3 1
1000000 475713
516125 454736
999999 128
742539 584295
999999 524288
500000 500000
1000000 127
2 2
660937 551326
596601 553415
632244 523762
500000 262144
999999 475712
500000 250000
500000 127
999999 1
931960 807335
669195 549570
451844 420452
500000 128
1000000 512239
999999 2
1000000 128
463258 407808
430607 375541
785856 660870
999999 475711
471974 403386
500000 248649
908759 893986
1000000 524288
1000000 524287
405435 349905
1000000 999999
611951 540511
1000000 361587
519750 507190
956270 837177
999999 490069
999999 499999
4 1
1000000 500000
500000 262143
359668 334336
320772 301576
1000000 262144
999999 127
3 2
1000000 475712
469555 439560
946843 928534
879711 693616
1 1
446608 419158
500000 237857
500000 131071
500000 499999
500000 249998
2 1
5 1
999999 379921
334344 286078
303626 273668
999999 999998
1000000 1
500000 2
899113 852955
316593 269109
500000 1
1000000 499999
