100
19 230 2
1 4 1
670 571 551
626 16 125
512 512 513
263134705 86961429 671845301
949 859 231
513 513 257
512 512 2
671 831 396
570 356 471
976079427 250885581 505236691
5 2 1
507 984 785
513 513 2
693 685 114
319377725 987750877 771235343
18 138 5
353920998 871481441 511734884
5 2 5
859 852 813
513 513 1
512 512 1
4 3 4
4 2 2
512 512 257
1000 1000 1
994 850 596
938 743 756
1000000000 1000000000 1000000000
512 512 256
53 821 34
4 3 1
825 123 102
327 134 92
796 223 162
103 143 88
3 4 2
27928444 55653634 72974669
441 442 39
4 4 5
927 463 378
4 3 5
1 1 1
354967685 884440464 814350577
193 448 583
117 226 81
55292554 913086492 711994255
757 981 567
635 121 790
978 362 230
755 178 147
2 48 2
690 101 11
1 2 1
5 3 3
430 419 589
181505810 177216435 712499401
266 944 230
536870911 536870911 536870911
2 4 2
4 2 5
879539961 79941972 287325241
645475039 284302641 814678698
3 5 2
397 328 700
513 513 512
912 958 193
3 5 2
988128909 916451287 926447066
513 513 256
207 740 948
717 572 174
813880938 89675795 108597920
45 56 35
7 8 5
4 5 4
53 849 53
536870911 536870911 536870910
2 4 1
950 667 530
592 748 368
922 719 478
492274787 744274562 571870985
302 877 15
1 1 1000
1 4 3
349163904 587667186 350716475
346 344 191
4 3 4
996 189 14
438 237 87
134533303 603164068 258198500
249 568 98
38 512 13
1 1 5
930 290 825
3 1 1
348 133 114
4 5 2
