100
801 43 814
846 29 15
2 3 3
1000 1000 1
5 3 2
2 2 1
151 684 892
3 5 5
132 777 12
376 617 124
857 500 119
513 513 1
2 1 1
875 66 47
754 80 225
7 8 5
225 440 924
985 718 846
636 110 77
513 513 257
4 5 2
832 613 980
5 3 3
752 179 158
716 297 628
574 109 2
581 41 19
811 317 142
43 546 629
4 2 1
953 5 2
3 4 2
223 23 784
844 496 726
45 56 35
222 359 113
256 883 28
3 3 2
4 5 2
107 634 49
506 534 382
2 2 2
933 609 212
1 4 1
681 25 840
512 512 1
512 512 2
3 3 3
396 530 141
972 511 539
308 740 400
3 4 5
146 619 15
175 195 16
958 361 606
866 440 703
5 5 5
5 3 5
791 181 221
805 762 586
474 993 560
411 356 989
175 517 103
145 798 110
224 17 1
103 143 88
513 513 2
564 696 925
1 5 1
192 432 139
513 513 256
512 512 513
2 4 2
512 512 257
103 940 527
371 678 283
136 385 31
867 901 365
513 513 512
433 306 132
5 3 3
1 1 1
811 545 432
799 253 97
4 5 2
781 714 628
758 930 277
1 1 1000
990 633 915
2 5 3
437 578 265
220 869 88
942 719 114
989 255 102
373 801 815
678 222 109
349 194 506
512 512 256
308 159 207
744 22 818
